6 0.30434808135032654 0.06589923053979874 0.08147425204515457 0.006580851972103119 1
4 0.21520842611789703 0.2687845528125763 0.027785129845142365 0.0038426443934440613 8
12 0.36501866579055786 0.7090489864349365 0.23161457479000092 0.0031256559304893017 1
6 0.4892098009586334 0.6859803199768066 0.09170004725456238 0.006706018932163715 2
6 0.5019980669021606 0.6764070987701416 0.07742681354284286 0.003822626080363989 1
6 0.5251638889312744 0.6462544798851013 0.04549324885010719 0.0038382390048354864 1
6 0.5343461036682129 0.5293569564819336 0.05752076581120491 0.00484688812866807 0
6 0.5615289211273193 0.4490877091884613 0.05272021144628525 0.004145704209804535 1
6 0.8118962049484253 0.287773460149765 0.08377901464700699 0.004024246707558632 3
6 0.826674222946167 0.28106963634490967 0.0542355515062809 0.0030840951949357986 3
6 0.7943289875984192 0.15362833440303802 0.018286872655153275 0.007836398668587208 1
12 0.393365740776062 0.6780500411987305 0.2883565127849579 0.0035262401215732098 2
12 0.4209303855895996 0.6413233280181885 0.2684412896633148 0.003290231106802821 1
12 0.48002809286117554 0.5338594913482666 0.3258793354034424 0.003638705937191844 0
12 0.49560052156448364 0.5026829242706299 0.3266795873641968 0.00346674514003098 179
12 0.4768331050872803 0.4521128833293915 0.2555760145187378 0.0034728029277175665 1
12 0.6373504400253296 0.33612313866615295 0.32770609855651855 0.007383519317954779 4
12 0.6573539972305298 0.31786948442459106 0.32776695489883423 0.00354212848469615 3
12 0.6908882260322571 0.27704057097435 0.31188079714775085 0.0027793210465461016 3
6 0.4584638774394989 0.7142420411109924 0.07340966165065765 0.005922539159655571 1
12 0.37619781494140625 0.7366620302200317 0.2971363663673401 0.0038054953329265118 0
6 0.37779462337493896 0.7395219802856445 0.03353080525994301 0.003299205331131816 179
6 0.6098242402076721 0.538361668586731 0.08866846561431885 0.005195727106183767 0
4 0.2523692548274994 0.25028038024902344 0.02378861978650093 0.0038723060861229897 14
12 0.7205299735069275 0.15890297293663025 0.18851186335086823 0.01385422982275486 1
4 0.08825286477804184 0.9579150080680847 0.031084515154361725 0.0027967856731265783 178
4 0.32468050718307495 0.18877726793289185 0.02795526385307312 0.002424672245979309 0
4 0.321109414100647 0.18488092720508575 0.027161501348018646 0.002424213569611311 1
12 0.5762701630592346 0.38101908564567566 0.39057523012161255 0.01766679622232914 0
6 0.612218976020813 0.5299619436264038 0.06306114047765732 0.005042850971221924 179
12 0.4540734887123108 0.5556806325912476 0.2724136710166931 0.004849148914217949 179
6 0.4732428193092346 0.7424662113189697 0.1126197874546051 0.007966756820678711 0
6 0.45127609372138977 0.9198366403579712 0.038245100528001785 0.003855715971440077 178
12 0.3638112545013428 0.92743980884552 0.23884736001491547 0.004410394933074713 178
6 0.4500812590122223 0.8534125685691833 0.04234679043292999 0.004120605997741222 0
12 0.36062437295913696 0.8576365113258362 0.21965892612934113 0.003807688830420375 179
6 0.6201868057250977 0.7717511057853699 0.04470193758606911 0.013150619342923164 4
6 0.4576594829559326 0.7772853374481201 0.05271593853831291 0.005038184579461813 0
12 0.33426451683044434 0.7719017267227173 0.30435675382614136 0.003969597164541483 0
12 0.7372161746025085 0.2263023555278778 0.2252904325723648 0.003030905034393072 2
