4 0.8237094879150391 0.6757084727287292 0.028893491253256798 0.017489444464445114 92
5 0.4094330370426178 0.7384406328201294 0.11425017565488815 0.01751656085252762 93
5 0.3613298237323761 0.7372469902038574 0.1161290779709816 0.020944491028785706 91
5 0.33771181106567383 0.7399042248725891 0.11581920832395554 0.020135678350925446 91
5 0.31104546785354614 0.7353197932243347 0.11422371119260788 0.02008821628987789 92
5 0.2869641184806824 0.733603298664093 0.1152593195438385 0.017495783045887947 91
5 0.26159170269966125 0.7355437874794006 0.11417342722415924 0.021871639415621758 90
5 0.17672790586948395 0.7765182256698608 0.08398950099945068 0.019433200359344482 0
5 0.17279091477394104 0.7340080142021179 0.10061240941286087 0.02024286612868309 0
5 0.15398074686527252 0.7085020542144775 0.10498686879873276 0.021052658557891846 0
5 0.18153980374336243 0.634412944316864 0.10761155188083649 0.020242929458618164 0
5 0.1780402511358261 0.6101213693618774 0.11811021715402603 0.02024286612868309 0
5 0.17804023623466492 0.5862348079681396 0.11811023205518723 0.017813801765441895 0
5 0.1789151430130005 0.5587044954299927 0.0831146091222763 0.01781374216079712 0
5 0.18416447937488556 0.5327935218811035 0.09361329674720764 0.02105259895324707 0
5 0.18110236525535583 0.5080971717834473 0.10673666000366211 0.021862387657165527 0
5 0.19641293585300446 0.4829959273338318 0.10936132073402405 0.02186235412955284 0
5 0.18810147047042847 0.45951417088508606 0.12248466908931732 0.020242925733327866 0
5 0.18153978884220123 0.4356275200843811 0.10586175322532654 0.022672053426504135 0
5 0.3862641751766205 0.7364372611045837 0.11317601799964905 0.01836381107568741 92
5 0.4321959614753723 0.7380566596984863 0.11510580033063889 0.017403358593583107 93
4 0.8954837918281555 0.6721048355102539 0.04125548526644707 0.01839054748415947 93
5 0.4558180868625641 0.7360324263572693 0.1189882829785347 0.018299084156751633 92
4 0.8573927283287048 0.6672065258026123 0.044136010110378265 0.020118441432714462 89
4 0.8783677220344543 0.6688473224639893 0.0331994853913784 0.01576882414519787 93
4 0.9545056819915771 0.5947368741035461 0.03692534565925598 0.016756504774093628 86
5 0.7455502152442932 0.28055453300476074 0.09625157713890076 0.017031105235219002 1
5 0.7505764365196228 0.181380957365036 0.09449166804552078 0.018615305423736572 179
5 0.7544823884963989 0.15302544832229614 0.09629244357347488 0.019422205165028572 178
5 0.7537182569503784 0.1251012086868286 0.10761159658432007 0.02024291455745697 0
5 0.7292213439941406 0.09838057309389114 0.15651436150074005 0.017822669818997383 0
5 0.5638670325279236 0.40931177139282227 0.1021101251244545 0.02025751583278179 176
5 0.6671041250228882 0.74210524559021 0.11460519582033157 0.017474407330155373 91
5 0.6434820890426636 0.741295576095581 0.11640125513076782 0.018339574337005615 92
5 0.6211723685264587 0.7400809526443481 0.11512386053800583 0.018365968018770218 90
5 0.5975502729415894 0.741295576095581 0.11740893125534058 0.020997345447540283 90
5 0.554243266582489 0.7404858469963074 0.11446698755025864 0.01835796982049942 91
5 0.5293132662773132 0.7415010333061218 0.11743826419115067 0.01838616281747818 91
5 0.5056868195533752 0.7384614944458008 0.11912202835083008 0.01740727201104164 93
5 0.48206472396850586 0.7388665080070496 0.11742213368415833 0.02007613144814968 94
5 0.20341205596923828 0.41012144088745117 0.0953630805015564 0.020242895931005478 0
