5 0.19221743941307068 0.06807287037372589 0.056864138692617416 0.009746256284415722 88
4 0.25283539295196533 0.7118887901306152 0.017386404797434807 0.005473743192851543 91
5 0.47294968366622925 0.4050474464893341 0.049895960837602615 0.012369411066174507 62
5 0.488072007894516 0.4081975221633911 0.050764381885528564 0.011552073061466217 62
5 0.5150567889213562 0.4108341932296753 0.050206247717142105 0.011907055042684078 62
5 0.5275713801383972 0.4079578220844269 0.05070222169160843 0.010636796243488789 62
5 0.5399681329727173 0.4069225788116455 0.0527031309902668 0.010093794204294682 65
5 0.5518186092376709 0.40627992153167725 0.052696626633405685 0.009944400750100613 62
5 0.5664842128753662 0.40915626287460327 0.05258353054523468 0.009935482405126095 63
5 0.5784122347831726 0.4069991111755371 0.05101952329277992 0.010173576883971691 62
5 0.5915135145187378 0.4081974923610687 0.0510154590010643 0.00962269026786089 61
5 0.6044515371322632 0.40813469886779785 0.052995212376117706 0.00973212905228138 61
5 0.6187351942062378 0.4091348648071289 0.05238558351993561 0.010471947491168976 63
5 0.6306218504905701 0.40771815180778503 0.05168973281979561 0.009719820693135262 62
5 0.6435227394104004 0.40822675824165344 0.05070321634411812 0.01202453300356865 61
5 0.6712944507598877 0.4108341634273529 0.05311570316553116 0.01211609784513712 63
5 0.698083758354187 0.4122723340988159 0.0496298111975193 0.011227477341890335 61
5 0.43625345826148987 0.40963566303253174 0.051530227065086365 0.010532686486840248 62
5 0.41005074977874756 0.40699899196624756 0.05184292793273926 0.010190936736762524 63
5 0.39421191811561584 0.40508145093917847 0.047923680394887924 0.010423439554870129 61
5 0.2508799433708191 0.4041227400302887 0.052278004586696625 0.010308846831321716 61
5 0.8026984930038452 0.35810160636901855 0.04709301516413689 0.011676358059048653 62
5 0.8133229613304138 0.35514992475509644 0.04904426261782646 0.011002262122929096 63
5 0.1976926177740097 0.4022051692008972 0.05088352784514427 0.01029024738818407 62
5 0.21079391241073608 0.4029242992401123 0.05143938958644867 0.010416889563202858 62
5 0.2242862731218338 0.4029242992401123 0.050710372626781464 0.009957896545529366 62
5 0.24030040204524994 0.40623047947883606 0.05130743235349655 0.009982860647141933 64
5 0.26632776856422424 0.40532124042510986 0.04963464289903641 0.010077724233269691 61
5 0.37035590410232544 0.40580058097839355 0.05199114978313446 0.011255880817770958 59
5 0.29057490825653076 0.40508145093917847 0.05044328793883324 0.011803766712546349 61
5 0.304458349943161 0.4055609107017517 0.05149708315730095 0.010842924937605858 63
5 0.3165819048881531 0.4031639099121094 0.0513283796608448 0.009146950207650661 63
5 0.33007434010505676 0.40436238050460815 0.051657456904649734 0.009275397285819054 63
5 0.34376221895217896 0.4060402810573578 0.05314025655388832 0.01006707176566124 62
5 0.35784125328063965 0.4055609107017517 0.052595000714063644 0.009258628822863102 62
5 0.684402585029602 0.4105908274650574 0.050259724259376526 0.010515051893889904 62
5 0.7096205949783325 0.40795785188674927 0.051246095448732376 0.009597230702638626 62
5 0.7269611358642578 0.4158991873264313 0.05277677997946739 0.010889127850532532 64
5 0.45795851945877075 0.514860987663269 0.029099809005856514 0.008703509345650673 119
5 0.3396558463573456 0.5153403282165527 0.02846395969390869 0.009576093405485153 117
5 0.35295262932777405 0.5153403878211975 0.02777576632797718 0.009037401527166367 118
5 0.37817755341529846 0.5160594582557678 0.02897973731160164 0.010112948715686798 120
5 0.3924521505832672 0.515819787979126 0.030345747247338295 0.010705476626753807 120
5 0.4327336549758911 0.5131831169128418 0.029632069170475006 0.010896842926740646 119
5 0.44603049755096436 0.5139021873474121 0.03026469238102436 0.008976096287369728 120
5 0.47145089507102966 0.5155800580978394 0.029047777876257896 0.01013700757175684 120
5 0.3034806251525879 0.5093480348587036 0.028904277831315994 0.010326663963496685 120
5 0.48631203174591064 0.5124639868736267 0.02891146019101143 0.009577308781445026 121
5 0.510363757610321 0.5174975991249084 0.02921045757830143 0.009900635108351707 120
5 0.5488854050636292 0.5177372694015503 0.027783280238509178 0.011401224881410599 121
5 0.5639421939849854 0.5155801177024841 0.0294815544039011 0.011127208359539509 119
5 0.5762611627578735 0.5174975991249084 0.029099425300955772 0.009987769648432732 120
5 0.5905357599258423 0.5160594582557678 0.029294610023498535 0.009648825041949749 120
5 0.22350412607192993 0.5112655162811279 0.028919991105794907 0.010079756379127502 119
5 0.2102072536945343 0.5107861757278442 0.02896041050553322 0.009963210672140121 119
5 0.7362142205238342 0.4086768627166748 0.049544379115104675 0.009952068328857422 62
5 0.08975361287593842 0.5103068351745605 0.028322240337729454 0.00985800102353096 122
5 0.7506420612335205 0.4108976125717163 0.051450662314891815 0.010573407635092735 63
5 0.7624168395996094 0.40963560342788696 0.04947229474782944 0.010304516181349754 62
5 0.7747360467910767 0.4091562032699585 0.05164540931582451 0.010541952215135098 61
5 0.7884238958358765 0.4089164733886719 0.05031333491206169 0.010209726169705391 61
5 0.8015252351760864 0.4096356928348541 0.0492258220911026 0.010415565222501755 62
5 0.8146265745162964 0.4108341336250305 0.05036812648177147 0.011202543042600155 63
5 0.10305047035217285 0.5124641060829163 0.029053328558802605 0.01075726468116045 118
5 0.19671490788459778 0.5117449760437012 0.029329268261790276 0.0095430389046669 120
5 0.11732497066259384 0.5127037167549133 0.0293339304625988 0.011214540340006351 118
5 0.1315995156764984 0.5098274350166321 0.029580049216747284 0.011037280783057213 120
5 0.14509190618991852 0.5098274350166321 0.02968122623860836 0.010260215029120445 116
5 0.15799765288829803 0.5110259056091309 0.029607195407152176 0.009731277823448181 118
5 0.16836139559745789 0.5139022469520569 0.029636435210704803 0.009869283065199852 119
5 0.1845913529396057 0.5098274350166321 0.02982921153306961 0.010158517397940159 117
5 0.7884238958358765 0.35666346549987793 0.048836011439561844 0.011985518038272858 63
5 0.7744868993759155 0.35627084970474243 0.04832044243812561 0.011149046011269093 63
5 0.760266125202179 0.35234901309013367 0.04738883301615715 0.010863876901566982 62
5 0.6540867686271667 0.23298178613185883 0.048414573073387146 0.010986282490193844 118
5 0.47868597507476807 0.2188398838043213 0.048915065824985504 0.01133251003921032 118
5 0.4900250732898712 0.22133465111255646 0.048672765493392944 0.011489748023450375 117
5 0.5011733174324036 0.22483223676681519 0.048023492097854614 0.01178294513374567 118
5 0.5273758769035339 0.22483223676681519 0.047905560582876205 0.01225360482931137 119
5 0.5527962446212769 0.22579100728034973 0.04825058579444885 0.011685504578053951 119
5 0.6012905836105347 0.23250240087509155 0.04762527719140053 0.011238249950110912 120
5 0.6660149097442627 0.23657721281051636 0.04941549152135849 0.012360998429358006 118
5 0.43019163608551025 0.21260786056518555 0.04950341582298279 0.012003975920379162 118
5 0.6914352774620056 0.23849473893642426 0.04720392823219299 0.012720848433673382 119
5 0.7172083854675293 0.23943401873111725 0.05124714598059654 0.010363195091485977 117
5 0.7418850660324097 0.24232983589172363 0.05128328129649162 0.012559927999973297 117
5 0.7674863934516907 0.24341148138046265 0.05079708248376846 0.011712395586073399 119
5 0.7811890244483948 0.24304889142513275 0.05120367556810379 0.011265038512647152 117
5 0.7944858074188232 0.24137109518051147 0.04678231477737427 0.010985981673002243 118
5 0.46685582399368286 0.2157110720872879 0.049971092492341995 0.011952188797295094 117
5 0.4032069146633148 0.21188879013061523 0.049109864979982376 0.011653047055006027 118
5 0.8165414929389954 0.2509379982948303 0.051696471869945526 0.01172632910311222 117
5 0.27043411135673523 0.21548417210578918 0.05031692236661911 0.01220075786113739 117
5 0.19486594200134277 0.20815348625183105 0.04656289145350456 0.011316211894154549 116
5 0.20590537786483765 0.211649090051651 0.05082304775714874 0.01082803588360548 116
5 0.21846383810043335 0.21219757199287415 0.05164418742060661 0.010892882943153381 116
5 0.23196929693222046 0.2122497409582138 0.05062124878168106 0.011429261416196823 116
5 0.24560034275054932 0.21045063436031342 0.04885130748152733 0.011154198087751865 115
5 0.25889718532562256 0.21116968989372253 0.04896287992596626 0.012673349119722843 117
5 0.2983965575695038 0.21212847530841827 0.05038474127650261 0.011519484221935272 116
5 0.3893234431743622 0.2135666310787201 0.05055617541074753 0.011167990043759346 116
5 0.30973801016807556 0.21212849020957947 0.04981190711259842 0.011560559272766113 118
5 0.32362139225006104 0.2128475457429886 0.05061944201588631 0.012915591709315777 118
5 0.33183419704437256 0.22507192194461823 0.04833401367068291 0.010176548734307289 118
5 0.34945937991142273 0.21545562148094177 0.050033874809741974 0.012192197144031525 116
5 0.3633164167404175 0.21260787546634674 0.04819779098033905 0.01188222412019968 117
5 0.37680885195732117 0.21284759044647217 0.04816313460469246 0.011198485270142555 117
5 0.80279541015625 0.25066569447517395 0.051765814423561096 0.011329076252877712 118
5 0.8424621224403381 0.2511361241340637 0.05422665923833847 0.011666393838822842 116
5 0.7480325102806091 0.3565327525138855 0.04864445701241493 0.011476886458694935 63
5 0.5781619548797607 0.3560333549976349 0.043390385806560516 0.011373782530426979 63
5 0.43347740173339844 0.352128803730011 0.05192435905337334 0.011146532371640205 63
5 0.4450528025627136 0.3497123718261719 0.05062844231724739 0.012134176678955555 62
5 0.4594821631908417 0.3508675992488861 0.05340999737381935 0.011736299842596054 63
5 0.47400784492492676 0.35478928685188293 0.048259034752845764 0.010763001628220081 64
5 0.4874853193759918 0.35474592447280884 0.048193857073783875 0.011065536178648472 63
5 0.5250293016433716 0.353068083524704 0.04778748378157616 0.010757115669548512 63
5 0.6309297680854797 0.3565562069416046 0.04343167319893837 0.010856951586902142 65
5 0.3949941396713257 0.35210931301116943 0.05084387585520744 0.011197084560990334 63
5 0.6702136397361755 0.35674890875816345 0.04949947074055672 0.012318592518568039 65
5 0.6855690479278564 0.3593001365661621 0.048715587705373764 0.011300980113446712 62
5 0.6969104409217834 0.35762226581573486 0.04829062148928642 0.01107917632907629 62
5 0.7113805413246155 0.35834136605262756 0.04646053910255432 0.00960578303784132 62
5 0.723699688911438 0.3578619658946991 0.04791368171572685 0.011100384406745434 62
5 0.7358232736587524 0.3578619360923767 0.04709645360708237 0.010525239631533623 62
5 0.4190457761287689 0.34827420115470886 0.051742251962423325 0.011883115395903587 62
5 0.38326162099838257 0.35546499490737915 0.05182552710175514 0.011046765372157097 63
5 0.8549080491065979 0.252876341342926 0.053311966359615326 0.012081284075975418 116
5 0.2508799731731415 0.3506711423397064 0.05205352231860161 0.011442121118307114 62
5 0.8691826462745667 0.25095880031585693 0.05172957107424736 0.01103254221379757 116
5 0.8803284764289856 0.2564716935157776 0.051728494465351105 0.01193041168153286 116
5 0.8942119479179382 0.2545541524887085 0.049266133457422256 0.012412896379828453 115
5 0.1979704052209854 0.3503738045692444 0.051910508424043655 0.011604066006839275 64
5 0.21059834957122803 0.35019174218177795 0.0508391410112381 0.011679413728415966 62
5 0.2242862731218338 0.35019177198410034 0.051795247942209244 0.011649992316961288 62
5 0.26456788182258606 0.3525887131690979 0.05071515217423439 0.011322672478854656 63
5 0.36942368745803833 0.35334041714668274 0.05214737355709076 0.011698640882968903 63
5 0.2772780656814575 0.3525886833667755 0.0496346689760685 0.010077751241624355 61
5 0.2915526330471039 0.3537871539592743 0.04906240478157997 0.012263513170182705 61
5 0.30406731367111206 0.3525886833667755 0.05015060305595398 0.010504481382668018 63
5 0.3173640966415405 0.35210928320884705 0.05124787241220474 0.012318570166826248 63
5 0.32942456007003784 0.3514211177825928 0.0513145849108696 0.010889075696468353 64
5 0.35686352849006653 0.3537871837615967 0.05128997191786766 0.011783808469772339 62
5 0.6026593446731567 0.5184564590454102 0.028850937262177467 0.010474919341504574 120
5 0.614978551864624 0.5191755294799805 0.02918195351958275 0.008718417026102543 119
5 0.6274932026863098 0.5203739404678345 0.02937285229563713 0.009152663871645927 118
5 0.9134932160377502 0.2881154417991638 0.03524969145655632 0.011530786752700806 177
4 0.5097892880439758 0.77876216173172 0.023040443658828735 0.00937382597476244 87
5 0.43606019020080566 0.9225226640701294 0.031162571161985397 0.009000214748084545 89
5 0.45893627405166626 0.9216203689575195 0.030201375484466553 0.010559231042861938 90
5 0.47014889121055603 0.9224119186401367 0.03026455081999302 0.009663723409175873 86
4 0.4992193877696991 0.9281755089759827 0.020138006657361984 0.008602188900113106 89
4 0.8950456976890564 0.04135999083518982 0.01897074282169342 0.009375774301588535 67
5 0.9122019410133362 0.30512940883636475 0.03495662286877632 0.010540034621953964 179
4 0.5160343647003174 0.6898369789123535 0.02109295129776001 0.008212745189666748 90
5 0.9141572117805481 0.31783315539360046 0.03416945040225983 0.010066105984151363 1
5 0.9143527746200562 0.3314957022666931 0.03597968816757202 0.010067135095596313 0
5 0.9139754176139832 0.3447105586528778 0.03483613207936287 0.010139252059161663 178
5 0.9153633117675781 0.3574191629886627 0.033399250358343124 0.01057546865195036 4
5 0.9121308922767639 0.3717624545097351 0.035591788589954376 0.010550815612077713 179
5 0.9139617085456848 0.38542667031288147 0.03646446391940117 0.011532669886946678 178
4 0.38541263341903687 0.8523491024971008 0.02316318266093731 0.008594226092100143 89
4 0.4589362144470215 0.6874400973320007 0.019982412457466125 0.007829636335372925 91
5 0.9118106961250305 0.41251200437545776 0.03417619317770004 0.010545458644628525 179
5 0.0921001210808754 0.773729681968689 0.029199765995144844 0.011995703913271427 126
5 0.21386955678462982 0.6644327640533447 0.03918172046542168 0.01105310395359993 176
5 0.21138054132461548 0.688159167766571 0.028589997440576553 0.009740876965224743 108
5 0.02385605126619339 0.6991850137710571 0.030248308554291725 0.010824386030435562 124
5 0.04868990182876587 0.7257909774780273 0.02929873950779438 0.01127349492162466 123
5 0.07293704897165298 0.7531159520149231 0.02897775173187256 0.01054204348474741 125
5 0.08290966600179672 0.7629435658454895 0.029108282178640366 0.009047768078744411 124
5 0.14196327328681946 0.7842761278152466 0.031040804460644722 0.01056169718503952 56
4 0.4495502710342407 0.7114093899726868 0.02205181121826172 0.008212774991989136 90
4 0.2892060875892639 0.7123681306838989 0.023010551929473877 0.006648391485214233 90
4 0.32733669877052307 0.6898369193077087 0.02109294757246971 0.007821677252650261 90
4 0.32616347074508667 0.7133269309997559 0.02013421058654785 0.007039487361907959 90
4 0.379741907119751 0.7135666012763977 0.02078903093934059 0.008170878514647484 91
4 0.3936253488063812 0.6860018968582153 0.021093010902404785 0.008212745189666748 90
4 0.4118228852748871 0.7133308053016663 0.023519234731793404 0.009764926508069038 87
5 0.9143398404121399 0.3987332880496979 0.034019846469163895 0.01103280857205391 2
5 0.9131795167922974 0.4259347915649414 0.03363317251205444 0.011984676122665405 0
5 0.10083484649658203 0.2921876013278961 0.03911127150058746 0.010550507344305515 1
4 0.023856068029999733 0.17305848002433777 0.014928005635738373 0.009300949051976204 29
4 0.8709425926208496 0.9197028279304504 0.015954814851284027 0.008182210847735405 4
5 0.852366030216217 0.9338446855545044 0.04330883547663689 0.011030587367713451 3
4 0.6750097274780273 0.8482741117477417 0.018305514007806778 0.006665484048426151 94
4 0.8293028473854065 0.7190306186676025 0.020120086148381233 0.007184201385825872 102
4 0.6722722053527832 0.7013422846794128 0.018216729164123535 0.007039487361907959 90
4 0.11830271780490875 0.814717173576355 0.01956663653254509 0.007659905590116978 132
4 0.022096216678619385 0.1605944186449051 0.010799777694046497 0.009454350918531418 28
5 0.902654767036438 0.9168195128440857 0.04077423736453056 0.012037623673677444 4
4 0.023660529404878616 0.14860978722572327 0.013246623799204826 0.008109891787171364 36
4 0.2712162435054779 0.709252119064331 0.019802231341600418 0.007028279826045036 91
4 0.2729761600494385 0.6852827668190002 0.01883920654654503 0.006646967027336359 91
4 0.26359015703201294 0.6903163194656372 0.020786721259355545 0.007835528813302517 94
4 0.26262152194976807 0.7119688391685486 0.017262356355786324 0.007059431169182062 91
4 0.254162460565567 0.6905867457389832 0.021125618368387222 0.007525595836341381 93
4 0.9088776707649231 0.9285715222358704 0.01947157271206379 0.009656939655542374 6
5 0.904822826385498 0.8832630515098572 0.03677431866526604 0.011042549274861813 179
5 0.91396164894104 0.4391179084777832 0.032549843192100525 0.010565170086920261 2
5 0.9165036678314209 0.5790987014770508 0.026074446737766266 0.011030587367713451 177
5 0.9143589735031128 0.4523822069168091 0.0332728773355484 0.0105385547503829 2
5 0.9142758250236511 0.4657227098941803 0.03285447880625725 0.010545382276177406 1
5 0.9147439002990723 0.4932885766029358 0.03225377947092056 0.011977355927228928 1
5 0.915360152721405 0.521354615688324 0.03173570707440376 0.011962750926613808 177
5 0.9151667952537537 0.5359529256820679 0.030910462141036987 0.010553560219705105 178
5 0.9159576892852783 0.5498896837234497 0.03134536370635033 0.01145983301103115 176
5 0.9129840135574341 0.7471237182617188 0.039708808064460754 0.010608700104057789 8
5 0.9010655879974365 0.8666985630989075 0.03876085206866264 0.011032839305698872 2
5 0.9114197492599487 0.7612656950950623 0.039027776569128036 0.011082921177148819 8
5 0.9108330011367798 0.7770853042602539 0.03891623392701149 0.011610003188252449 9
5 0.9080955386161804 0.7919464111328125 0.039529867470264435 0.010313206352293491 9
5 0.9084794521331787 0.8105064630508423 0.03840046003460884 0.011531799100339413 4
5 0.9092687368392944 0.8283796310424805 0.03754977509379387 0.011028208769857883 4
5 0.9063044786453247 0.8455554842948914 0.035940077155828476 0.011032839305698872 2
5 0.09346891194581985 0.30536913871765137 0.03989049792289734 0.011505275964736938 0
5 0.10872115194797516 0.2778044044971466 0.039390306919813156 0.011022564023733139 1
5 0.6409854888916016 0.519894540309906 0.02932925708591938 0.009542996995151043 120
5 0.2254595309495926 0.5560882091522217 0.030384158715605736 0.010595801286399364 120
5 0.1493508368730545 0.5498705506324768 0.030538542196154594 0.009781819768249989 117
5 0.16347281634807587 0.5484180450439453 0.030529454350471497 0.00994931347668171 118
5 0.1755964159965515 0.5520133972167969 0.029660819098353386 0.010640159249305725 118
5 0.18908877670764923 0.5512943267822266 0.029551606625318527 0.010120363906025887 120
5 0.20261822640895844 0.5503976941108704 0.030464300885796547 0.01169369276612997 117
5 0.2129448652267456 0.5541706681251526 0.030691295862197876 0.0115360077470541 117
5 0.23973406851291656 0.554650068283081 0.03032344952225685 0.010560532100498676 119
5 0.12358233332633972 0.5486577153205872 0.029545703902840614 0.010382329113781452 115
5 0.2542041838169098 0.5524927973747253 0.028594449162483215 0.010793577879667282 120
5 0.2676964998245239 0.551773726940155 0.030865587294101715 0.009098554030060768 117
5 0.2813844084739685 0.5522531270980835 0.029050514101982117 0.010476768016815186 116
5 0.2937036156654358 0.5522531270980835 0.03054887242615223 0.009478899650275707 116
5 0.30660930275917053 0.5524927973747253 0.029378732666373253 0.008887442760169506 117
5 0.318146288394928 0.5558485984802246 0.028260448947548866 0.011218678206205368 118
5 0.13453266024589539 0.5532118678092957 0.02923869714140892 0.01041292492300272 118
5 0.10696129500865936 0.5556088089942932 0.029653361067175865 0.011842438019812107 120
5 0.3719201982021332 0.5536912083625793 0.029382266104221344 0.009014230221509933 122
5 0.7604615092277527 0.5196548104286194 0.029362428933382034 0.008743793703615665 121
5 0.6800938248634338 0.5194151401519775 0.029735153540968895 0.010805132798850536 120
5 0.69515061378479 0.5182167291641235 0.03034576028585434 0.010705443099141121 120
5 0.7070785760879517 0.52109295129776 0.029037291184067726 0.010388989932835102 116
5 0.7209619879722595 0.5186960697174072 0.030971117317676544 0.009276125580072403 119
5 0.7332811951637268 0.5203739404678345 0.029147256165742874 0.009619668126106262 119
5 0.7471647262573242 0.5189358592033386 0.02933409996330738 0.009276123717427254 119
5 0.7733672261238098 0.5203739404678345 0.028234051540493965 0.009155001491308212 118
5 0.0965975821018219 0.5491371154785156 0.030873341485857964 0.010413404554128647 118
5 0.7870550751686096 0.5189356803894043 0.029776455834507942 0.008347887545824051 118
5 0.7991786599159241 0.5201341509819031 0.029789147898554802 0.009905274026095867 121
5 0.8124756813049316 0.5189357399940491 0.029296528548002243 0.009394127875566483 119
5 0.8249900937080383 0.5218120217323303 0.028581801801919937 0.009077834896743298 120
5 0.06648416817188263 0.5565675497055054 0.030150597915053368 0.011044356040656567 120
5 0.08388735353946686 0.5486577153205872 0.029672615230083466 0.010785949416458607 119
5 0.35901451110839844 0.5505752563476562 0.030143629759550095 0.0091836117208004 116
5 0.38599923253059387 0.5522531270980835 0.029827456921339035 0.009528025984764099 119
5 0.12390847504138947 0.2497633844614029 0.040675487369298935 0.011020515114068985 179
5 0.7516620755195618 0.558005690574646 0.029485097154974937 0.010095395147800446 119
5 0.6748142242431641 0.5548897385597229 0.029322586953639984 0.009823793545365334 121
5 0.6857645511627197 0.5606423616409302 0.028978215530514717 0.010334176942706108 121
5 0.700430154800415 0.5587248206138611 0.029290026053786278 0.011328812688589096 118
5 0.7125537991523743 0.5575263500213623 0.03006061166524887 0.01061665266752243 116
5 0.7264372706413269 0.5572866797447205 0.029612896963953972 0.010608281008899212 118
5 0.7399296164512634 0.556807279586792 0.028856121003627777 0.01007314957678318 118
5 0.7655455470085144 0.5582455396652222 0.028955264016985893 0.010398484766483307 121
5 0.6480250358581543 0.555608868598938 0.030254948884248734 0.010378912091255188 117
5 0.7788423299789429 0.556807279586792 0.029229143634438515 0.009144636802375317 117
5 0.7917481660842896 0.5575263500213623 0.03124351054430008 0.01024674903601408 116
5 0.8046538829803467 0.5570469498634338 0.03131695091724396 0.010784806683659554 119
5 0.8173640966415405 0.5592042207717896 0.02978021465241909 0.01110159419476986 122
4 0.13951526582241058 0.04799065366387367 0.016675442457199097 0.007892506197094917 170
4 0.13629253208637238 0.060402676463127136 0.015674713999032974 0.007272620685398579 167
5 0.6589754223823547 0.5601630210876465 0.03120541013777256 0.009848713874816895 119
5 0.6218224763870239 0.5556088089942932 0.029792647808790207 0.009147767908871174 117
5 0.39753618836402893 0.5548897385597229 0.029047777876257896 0.01013700757175684 120
5 0.502933144569397 0.5551294684410095 0.029942044988274574 0.009161572903394699 119
5 0.41161519289016724 0.5536912679672241 0.028254201635718346 0.010178535245358944 118
5 0.43762221932411194 0.5534515976905823 0.029948661103844643 0.010198419913649559 119
5 0.4499412775039673 0.5548897385597229 0.029886143282055855 0.010179352015256882 118
5 0.4624560475349426 0.5551295280456543 0.03001849725842476 0.009186799637973309 119
5 0.4749707281589508 0.5572866797447205 0.031165214255452156 0.010225256904959679 120
5 0.4894406795501709 0.5553690791130066 0.03032798506319523 0.009250897914171219 118
5 0.5150567293167114 0.5565675497055054 0.029403479769825935 0.009938093833625317 117
5 0.6081345081329346 0.5548897385597229 0.029783951118588448 0.010290432721376419 118
5 0.528549075126648 0.5570470094680786 0.029223686084151268 0.010285377502441406 117
5 0.5418459177017212 0.5560882687568665 0.029340241104364395 0.010310549288988113 119
5 0.5567070841789246 0.553930938243866 0.029802555218338966 0.01042132917791605 119
5 0.5684396028518677 0.5560882091522217 0.03034660592675209 0.01029498502612114 118
5 0.5817364454269409 0.5548897385597229 0.029296448454260826 0.009394150227308273 119
5 0.5946422219276428 0.5563278794288635 0.030083991587162018 0.009578824043273926 117
5 0.1797027736902237 0.2109299898147583 0.04964497312903404 0.012232889421284199 117
