4 0.5796129107475281 0.3275172710418701 0.004066332243382931 0.002643597312271595 115
4 0.37858062982559204 0.3885859549045563 0.002362952334806323 0.002092752605676651 103
4 0.29213905334472656 0.2932225167751312 0.005007664207369089 0.0013348767533898354 16
4 0.04010797664523125 0.3390046954154968 0.004701707046478987 0.0013966064434498549 9
4 0.057032257318496704 0.3306070566177368 0.0051612891256809235 0.0014540255069732666 0
4 0.04632258042693138 0.3327880799770355 0.004903227090835571 0.0018175244331359863 0
4 0.02309676818549633 0.40985098481178284 0.004937078803777695 0.0013345640618354082 32
4 0.05845161899924278 0.45065435767173767 0.0038085361011326313 0.0020451447926461697 67
4 0.04619354009628296 0.45474374294281006 0.004537572618573904 0.0017794749001041055 64
4 0.30206453800201416 0.2081061601638794 0.006266320124268532 0.0015350771136581898 14
4 0.2993548512458801 0.21310433745384216 0.0049000889994204044 0.001710444688796997 13
4 0.2980780005455017 0.21495532989501953 0.004941627848893404 0.0016514636809006333 13
4 0.29806452989578247 0.2163759022951126 0.00498316902667284 0.0013565522385761142 13
4 0.29587098956108093 0.21964745223522186 0.004229454323649406 0.0011796135222539306 13
4 0.2947096824645996 0.2212831676006317 0.004356177523732185 0.001623066607862711 18
4 0.29354146122932434 0.22667905688285828 0.004227269906550646 0.0012981747277081013 11
4 0.2926451861858368 0.22855329513549805 0.0044418154284358025 0.0013714585220441222 19
4 0.2886451780796051 0.2098328024148941 0.004097586963325739 0.0015778345987200737 23
4 0.2874838709831238 0.21137766540050507 0.003926805220544338 0.0012764298589900136 18
4 0.29460567235946655 0.3065928816795349 0.004749547690153122 0.0014644047478213906 12
5 0.3796129524707794 0.7294620275497437 0.0100662587210536 0.00229336554184556 12
0 0.9143226146697998 0.5033624768257141 0.036741405725479126 0.025241389870643616 16
5 0.29032260179519653 0.6626681089401245 0.0050890445709228516 0.0030967891216278076 90
4 0.14126187562942505 0.628761351108551 0.004624852444976568 0.0018000848358497024 19
5 0.22425809502601624 0.6866593956947327 0.004764812998473644 0.002263773698359728 37
5 0.22683870792388916 0.6849328279495239 0.005111578851938248 0.001459204708226025 30
5 0.2287198305130005 0.6832641363143921 0.005170029122382402 0.001711600343696773 31
5 0.25109678506851196 0.6712104678153992 0.004402201622724533 0.0026372727006673813 56
5 0.2541935443878174 0.6701199412345886 0.0058353072963654995 0.0025765937753021717 51
5 0.26012903451919556 0.6683023571968079 0.0052999891340732574 0.002646836219355464 56
5 0.411225825548172 0.6980188488960266 0.005421769805252552 0.0027214877773076296 127
4 0.2836129069328308 0.27126502990722656 0.0036923829466104507 0.0023458481300622225 103
5 0.5834751725196838 0.5433802008628845 0.006029054056853056 0.0014962874120101333 15
5 0.5841290354728699 0.5412577390670776 0.007241528015583754 0.0018889461643993855 15
5 0.5854009985923767 0.5391429662704468 0.007807258982211351 0.0019205883145332336 15
5 0.5427095890045166 0.670483410358429 0.00929027609527111 0.0021810526959598064 0
5 0.5429664850234985 0.6971818804740906 0.004188208375126123 0.002329398412257433 86
4 0.2756129205226898 0.27226465940475464 0.0035685417242348194 0.002252878388389945 117
4 0.28529030084609985 0.27753543853759766 0.004204035736620426 0.0019455173751339316 58
4 0.28645166754722595 0.21319524943828583 0.003915620036423206 0.0013597344513982534 14
4 0.2827097177505493 0.22073791921138763 0.00475982204079628 0.0011911188485100865 16
4 0.2820461690425873 0.22244206070899963 0.004986728075891733 0.001617790898308158 10
4 0.24245162308216095 0.26072338223457336 0.0030435835942626 0.002160373143851757 119
4 0.20997238159179688 0.22216163575649261 0.004260271787643433 0.002151086460798979 132
4 0.21225808560848236 0.22246457636356354 0.003519816789776087 0.002170141553506255 128
4 0.2628387212753296 0.2668120861053467 0.0037351285573095083 0.0019438021117821336 115
4 0.25599995255470276 0.2649036645889282 0.003522701794281602 0.0021542273461818695 120
4 0.25058066844940186 0.26344966888427734 0.00391347985714674 0.0018221926875412464 122
4 0.2486194372177124 0.26271358132362366 0.002485790755599737 0.0021887978073209524 109
4 0.24632257223129272 0.2615412473678589 0.0034625050611793995 0.0020056976936757565 117
4 0.26026058197021484 0.272638738155365 0.004733227659016848 0.0013179457746446133 11
4 0.20537588000297546 0.22058679163455963 0.004846031777560711 0.001931757782585919 145
4 0.2522580623626709 0.27008360624313354 0.004222709685564041 0.0011896203504875302 16
4 0.2456510365009308 0.2684684991836548 0.003976199310272932 0.0013569252332672477 13
4 0.24038709700107574 0.2668120563030243 0.003973152954131365 0.0018955012783408165 21
4 0.2328650951385498 0.2648043930530548 0.004788618069142103 0.0014089321484789252 12
4 0.31599998474121094 0.2656306326389313 0.0033626186195760965 0.0019861406181007624 119
4 0.31109678745269775 0.2646310329437256 0.0038226847536861897 0.0017653536051511765 118
4 0.28929030895233154 0.23573245108127594 0.0044128987938165665 0.0014503946295008063 18
4 0.2074839174747467 0.22101058065891266 0.004354488104581833 0.001950703328475356 143
4 0.22322580218315125 0.23973099887371063 0.0036231460981070995 0.002163984114304185 118
4 0.28077420592308044 0.2240094691514969 0.0054497974924743176 0.001601866795681417 15
4 0.2583225965499878 0.22119230031967163 0.0036807572469115257 0.0020644713658839464 120
4 0.2794838845729828 0.22728100419044495 0.003662210889160633 0.0019074587617069483 124
4 0.2739354968070984 0.22582696378231049 0.0037939304020255804 0.002141856122761965 123
4 0.2714838683605194 0.2253725826740265 0.0040314593352377415 0.002356537152081728 122
4 0.2689031958580017 0.22455471754074097 0.004086555913090706 0.002084760693833232 127
4 0.2663225531578064 0.22410032153129578 0.003941669128835201 0.0021944723557680845 127
4 0.2634839117527008 0.22273722290992737 0.004020455293357372 0.0022094924934208393 125
4 0.2604592442512512 0.2220742255449295 0.0048504783771932125 0.0020991042256355286 132
4 0.25600001215934753 0.22073793411254883 0.0035227048210799694 0.002154236426576972 120
4 0.2250322699546814 0.23609596490859985 0.0032175700180232525 0.0015939408913254738 123
4 0.2536774277687073 0.21982917189598083 0.003731029573827982 0.0021714509930461645 117
4 0.2517419159412384 0.219556525349617 0.0035533010959625244 0.0018400854896754026 120
4 0.249290332198143 0.21882952749729156 0.004338108468800783 0.0024620452895760536 129
4 0.24193550646305084 0.231915682554245 0.004624837078154087 0.0016286089085042477 19
4 0.23741935193538666 0.24109415709972382 0.004958690144121647 0.0016959068598225713 9
4 0.2352258265018463 0.24454745650291443 0.004121617414057255 0.0017563399160280824 11
4 0.22683870792388916 0.23246094584465027 0.0036807656288146973 0.0020644559990614653 120
4 0.27225807309150696 0.5495274662971497 0.0043081725016236305 0.0021531125530600548 138
4 0.38567739725112915 0.38240641355514526 0.003476486075669527 0.0023756667505949736 108
4 0.3753548264503479 0.41912034153938293 0.0035107589792460203 0.0020467976573854685 104
4 0.3765161633491516 0.33451470732688904 0.0029846373945474625 0.001832367037422955 59
5 0.9181935787200928 0.22155581414699554 0.004501988645642996 0.0027356198988854885 110
5 0.7162644267082214 0.4091380536556244 0.006844474468380213 0.0021738740615546703 32
5 0.893003523349762 0.6190451979637146 0.011928277090191841 0.0027256670873612165 18
5 0.8671830892562866 0.6623349785804749 0.010402537882328033 0.0025715441443026066 19
5 0.8206869959831238 0.7598479390144348 0.010290944948792458 0.0028302865102887154 126
5 0.7460644841194153 0.7752636075019836 0.012603865936398506 0.002909085713326931 17
4 0.1655483990907669 0.31006908416748047 0.004025301430374384 0.0017445790581405163 157
4 0.1857394129037857 0.015354296192526817 0.0032576543744653463 0.0023180695716291666 108
4 0.19032254815101624 0.0165394376963377 0.003640820039436221 0.002115196082741022 113
4 0.16967742145061493 0.041984736919403076 0.004689590074121952 0.0026088785380125046 127
4 0.19183260202407837 0.023503024131059647 0.005291295703500509 0.001490744762122631 15
4 0.20101967453956604 0.02621057815849781 0.004412916488945484 0.001530962996184826 18
4 0.21069814264774323 0.029207995161414146 0.0052261860109865665 0.0015225308015942574 17
4 0.1801290363073349 0.023718643933534622 0.00368123990483582 0.0022548330016434193 115
4 0.18245160579681396 0.024627402424812317 0.0036622039042413235 0.001907442812807858 124
4 0.18374194204807281 0.02680843323469162 0.0035078932996839285 0.0016933429287746549 117
4 0.23933684825897217 0.022603003308176994 0.005226855631917715 0.0015679247444495559 15
5 0.9140737652778625 0.22270864248275757 0.004972775932401419 0.002735317684710026 108
5 0.910658597946167 0.22150909900665283 0.005830321926623583 0.002316911006346345 111
5 0.9243872165679932 0.22255544364452362 0.006533145904541016 0.003200877457857132 122
0 0.7378065586090088 0.20301710069179535 0.03437020257115364 0.023663820698857307 17
0 0.19961291551589966 0.7743548154830933 0.04209429770708084 0.023625288158655167 15
0 0.22890320420265198 0.726372241973877 0.04070273041725159 0.024005727842450142 17
0 0.26206454634666443 0.6974736452102661 0.038785986602306366 0.028435060754418373 50
0 0.40632256865501404 0.737459123134613 0.030372759327292442 0.02332674153149128 170
0 0.3692903220653534 0.8310614824295044 0.03459307178854942 0.023638471961021423 16
0 0.5859354734420776 0.6141402125358582 0.04376642033457756 0.022575832903385162 16
0 0.6540645360946655 0.30925118923187256 0.031616631895303726 0.026907021179795265 170
0 0.7655484676361084 0.15330789983272552 0.034384097903966904 0.022352328523993492 17
5 0.9282580018043518 0.2240094244480133 0.007283755112439394 0.0030640296172350645 119
0 0.5219355821609497 0.22101056575775146 0.04159560799598694 0.023112496361136436 18
0 0.7620645761489868 0.758451521396637 0.040144599974155426 0.022545699030160904 17
0 0.8198710083961487 0.6908396482467651 0.026375096291303635 0.014271633699536324 17
0 0.8487741947174072 0.6424027681350708 0.027075758203864098 0.013813686557114124 17
0 0.8771612644195557 0.5936023592948914 0.02536415494978428 0.020475992932915688 18
0 0.7039999961853027 0.6972010731697083 0.04270225018262863 0.023455539718270302 164
5 0.9255619049072266 0.23145921528339386 0.010806137695908546 0.0029283114708960056 171
4 0.2411612868309021 0.020719746127724648 0.005232417024672031 0.0014571869978681207 19
4 0.24385349452495575 0.017492379993200302 0.004932353738695383 0.0016580689698457718 22
4 0.2210322618484497 0.053071606904268265 0.0038952664472162724 0.00213731755502522 122
5 0.3714838922023773 0.3545074462890625 0.003180398605763912 0.002318604616448283 80
4 0.2819354832172394 0.5461649894714355 0.00453813374042511 0.0025981466751545668 130
4 0.2612903416156769 0.5585241913795471 0.004339146427810192 0.0023962410632520914 143
4 0.20465518534183502 0.5778462886810303 0.004906429909169674 0.001683970564045012 16
4 0.23741935193538666 0.5711559057235718 0.004865382332354784 0.0017320361221209168 158
5 0.05070776864886284 0.4929032623767853 0.004659588914364576 0.0023856651969254017 77
4 0.059231847524642944 0.47586527466773987 0.003312012180685997 0.0018410339253023267 81
4 0.058064524084329605 0.48382407426834106 0.0033493435475975275 0.0020959433168172836 81
4 0.2997419238090515 0.32260996103286743 0.004112351685762405 0.0021093622781336308 45
4 0.2770322859287262 0.5417121648788452 0.004203827120363712 0.002061582636088133 133
4 0.3873407542705536 0.37748274207115173 0.0030493144877254963 0.002603218425065279 101
4 0.38732361793518066 0.35716336965560913 0.0028618795331567526 0.0025239139795303345 173
4 0.38797861337661743 0.36184942722320557 0.002953463466838002 0.002318918239325285 80
4 0.3870967626571655 0.3456015884876251 0.0031992716249078512 0.002605264540761709 81
4 0.3824516236782074 0.3576880693435669 0.002544551622122526 0.00206449581310153 90
4 0.3843870759010315 0.39403849840164185 0.0036171278916299343 0.0020037107169628143 130
4 0.3783226013183594 0.3570520281791687 0.0032646700274199247 0.0025228303857147694 176
4 0.29032260179519653 0.5458015203475952 0.003857528790831566 0.002069396898150444 132
4 0.32167744636535645 0.4903671443462372 0.0036841570399701595 0.002483588643372059 117
4 0.20396915078163147 0.0649092048406601 0.0034234344493597746 0.0012878857087343931 122
4 0.16219353675842285 0.30588874220848083 0.004030534531921148 0.0017701784381642938 152
4 0.20619355142116547 0.06588513404130936 0.003317727940157056 0.0016061713686212897 121
4 0.21251614391803741 0.06688477098941803 0.0032037883065640926 0.001762075931765139 128
4 0.23148386180400848 0.18711377680301666 0.003183680819347501 0.0018577470909804106 117
4 0.23690325021743774 0.1908397227525711 0.004354469943791628 0.0019507071701809764 143
4 0.24477417767047882 0.19565610587596893 0.003940411377698183 0.0017778640612959862 117
4 0.24193547666072845 0.19465647637844086 0.0030449035111814737 0.0018824804574251175 111
5 0.36966678500175476 0.3492601215839386 0.004967976361513138 0.0026340819895267487 81
4 0.11174193024635315 0.3358778655529022 0.004620904102921486 0.0014733384596183896 166
4 0.07225806266069412 0.30398035049438477 0.0032754933927208185 0.0022360559087246656 121
4 0.12510131299495697 0.33513036370277405 0.005546489264816046 0.0016874991124495864 163
4 0.10077418386936188 0.34160304069519043 0.0036676793824881315 0.00135271274484694 168
4 0.10541936010122299 0.3404217064380646 0.004670731257647276 0.001535590272396803 166
4 0.08219355344772339 0.2847146689891815 0.00458403117954731 0.0019534353632479906 129
4 0.08890324085950851 0.28625956177711487 0.0035018438939005136 0.0019361964659765363 118
4 0.01354838814586401 0.3351508677005768 0.005211175419390202 0.0015313987387344241 13
4 0.0303289033472538 0.3293269872665405 0.005865286570042372 0.0014840047806501389 4
4 0.37677422165870667 0.41457653045654297 0.00334578612819314 0.0017755271401256323 117
4 0.37385857105255127 0.4225863218307495 0.004788597114384174 0.0016236414667218924 153
4 0.48967742919921875 0.2922573685646057 0.00424282206222415 0.0013318132841959596 172
4 0.29045161604881287 0.2059251368045807 0.004745590966194868 0.0012857512338086963 19
4 0.17690323293209076 0.27044710516929626 0.005211188457906246 0.0015313690528273582 13
4 0.22322580218315125 0.2613595128059387 0.004429477266967297 0.002017764840275049 42
4 0.21677422523498535 0.2240094691514969 0.0026110990438610315 0.0023290712852030993 96
4 0.19055508077144623 0.2176402509212494 0.004792867228388786 0.0012701363302767277 17
4 0.333548367023468 0.2795346975326538 0.003635019063949585 0.0018064677715301514 90
4 0.3303516209125519 0.2791763246059418 0.003311460604891181 0.0020962527487426996 100
4 0.3267096281051636 0.2693566083908081 0.0034307637251913548 0.0021415750961750746 121
4 0.2387096881866455 0.3104325532913208 0.004855804145336151 0.001786662614904344 16
4 0.27677419781684875 0.3350600004196167 0.0041377125307917595 0.0014693032717332244 22
4 0.27108728885650635 0.333457887172699 0.004272027872502804 0.001084645977243781 16
4 0.26509013772010803 0.3317650258541107 0.004074679221957922 0.0011971363564953208 18
4 0.2605285048484802 0.3303873836994171 0.003793730167672038 0.0009307398577220738 18
4 0.25522580742836 0.3288804292678833 0.00442184042185545 0.0014345587696880102 16
4 0.2487742006778717 0.32697203755378723 0.0038607276510447264 0.00146410649176687 21
4 0.24387097358703613 0.32560890913009644 0.0039782095700502396 0.0011206419439986348 13
4 0.23845162987709045 0.32415488362312317 0.0038705882616341114 0.0014492740156129003 18
4 0.2340645045042038 0.32279172539711 0.004439205396920443 0.0013678637333214283 17
4 0.20516130328178406 0.27044713497161865 0.0038137261290103197 0.0018070547375828028 124
4 0.20064517855644226 0.2741730213165283 0.004243567120283842 0.0014368691481649876 150
4 0.15432259440422058 0.30970555543899536 0.0032405017409473658 0.0015975725837051868 154
4 0.23625807464122772 0.20338059961795807 0.004138018470257521 0.0014571931678801775 19
4 0.2280000001192093 0.21592149138450623 0.0052990540862083435 0.0011922453995794058 17
4 0.22903229296207428 0.214285746216774 0.004721251782029867 0.0013724240707233548 20
4 0.23007529973983765 0.21297550201416016 0.004319526720792055 0.0011195328552275896 16
4 0.23175618052482605 0.2097923457622528 0.004562552087008953 0.0011143223382532597 19
4 0.23325355350971222 0.20822547376155853 0.004546235781162977 0.0012701324885711074 17
4 0.23470968008041382 0.20683389902114868 0.0042227283120155334 0.0011896092910319567 16
4 0.2352490872144699 0.2055119425058365 0.0038129426538944244 0.0010967983398586512 25
4 0.23704484105110168 0.20170655846595764 0.0042812577448785305 0.001105058123357594 18
4 0.33035343885421753 0.294048935174942 0.00453755259513855 0.0012520598247647285 15
4 0.23793549835681915 0.20038166642189026 0.003986345138400793 0.0012063132598996162 24
4 0.284258097410202 0.21728463470935822 0.0040776412934064865 0.001628603902645409 19
4 0.2852476239204407 0.21552778780460358 0.00422274274751544 0.0015045038890093565 16
4 0.2836129069328308 0.219102144241333 0.00334741547703743 0.001371472841128707 19
4 0.28529033064842224 0.26463109254837036 0.0033542329911142588 0.0021819686517119408 114
4 0.2678709626197815 0.2728099226951599 0.004520033486187458 0.0012943793553858995 173
4 0.31974196434020996 0.30079972743988037 0.005034202244132757 0.001194909680634737 17
4 0.2285161316394806 0.3213377296924591 0.0046248482540249825 0.0016286235768347979 19
4 0.21664516627788544 0.3192475438117981 0.004230361431837082 0.0014752955175936222 172
4 0.2225806713104248 0.31988370418548584 0.0037191277369856834 0.0012965251225978136 9
4 0.22464513778686523 0.6136859655380249 0.0034391675144433975 0.0014500487595796585 49
4 0.22774197161197662 0.6109596490859985 0.003904919372871518 0.0015530246309936047 45
4 0.23114138841629028 0.608269989490509 0.0049422611482441425 0.0018489914946258068 39
4 0.23277416825294495 0.6069610714912415 0.0039748637937009335 0.0016935339663177729 40
4 0.2347097098827362 0.6059614419937134 0.004137938842177391 0.0010794620029628277 40
4 0.2362581044435501 0.6042348742485046 0.003526603104546666 0.0018366356380283833 41
4 0.23922578990459442 0.6018720865249634 0.0036089997738599777 0.0016443298663944006 49
4 0.2416774183511734 0.6009632349014282 0.003620908362790942 0.0018686975818127394 45
4 0.3818063735961914 0.40276259183883667 0.0037004000041633844 0.001550638466142118 103
4 0.12748388946056366 0.6486732363700867 0.004431162960827351 0.0015719151124358177 11
4 0.3668387532234192 0.40412577986717224 0.003090204671025276 0.0018104350892826915 100
4 0.3778063952922821 0.41130492091178894 0.004334607627242804 0.001709071220830083 154
4 0.4069875478744507 0.18504585325717926 0.006001772824674845 0.0016829639207571745 16
4 0.406607985496521 0.18748638033866882 0.005745468661189079 0.0017059686360880733 18
4 0.48489394783973694 0.28351718187332153 0.005467894021421671 0.0018013868248090148 172
4 0.48641401529312134 0.2859022915363312 0.004446913953870535 0.0011180141009390354 171
4 0.48877421021461487 0.2901672422885895 0.005025529768317938 0.0012963558547198772 172
4 0.22103223204612732 0.6104143857955933 0.004366901703178883 0.0020429929718375206 50
4 0.12270966917276382 0.6425845623016357 0.004954011645168066 0.002377588301897049 145
4 0.29238709807395935 0.3711377680301666 0.0037394720129668713 0.0020156954415142536 72
4 0.20109574496746063 0.5363559722900391 0.004145003855228424 0.0014483948471024632 5
4 0.2935483753681183 0.37540894746780396 0.003209048183634877 0.0015902979066595435 76
4 0.29432424902915955 0.37906143069267273 0.0029680642765015364 0.002055309247225523 85
4 0.2957127094268799 0.3833938539028168 0.003778747282922268 0.0020852992311120033 74
4 0.2962580621242523 0.3872227966785431 0.003719864645972848 0.0023020205553621054 77
4 0.22038710117340088 0.5390766859054565 0.003999116364866495 0.0014984223525971174 174
4 0.21483871340751648 0.5387132167816162 0.004443518817424774 0.0012712302850559354 2
4 0.20541933178901672 0.5376226902008057 0.004458440933376551 0.0013534653699025512 12
4 0.22890321910381317 0.567611813545227 0.004439132288098335 0.0014155248645693064 167
4 0.16774190962314606 0.6056888103485107 0.0033177679870277643 0.0016061437781900167 121
4 0.16476421058177948 0.567646324634552 0.004810452926903963 0.00108840421307832 16
4 0.14941036701202393 0.5722792744636536 0.005025955848395824 0.0012563002528622746 15
4 0.2385806441307068 0.5785168409347534 0.0039731464348733425 0.0018954736879095435 159
4 0.23251613974571228 0.5804253220558167 0.003868624335154891 0.001705462345853448 169
4 0.2231684774160385 0.5946872234344482 0.004659357015043497 0.0014696975704282522 176
4 0.21819354593753815 0.5949654579162598 0.005037627182900906 0.0016312531661242247 176
4 0.17058061063289642 0.6065067648887634 0.0033646642696112394 0.00224399589933455 120
4 0.2918441593647003 0.20409226417541504 0.004438336938619614 0.0015428944025188684 20
4 0.30051612854003906 0.21055977046489716 0.004147411789745092 0.0014416939811781049 17
4 0.37214261293411255 0.42658698558807373 0.004027260467410088 0.0017560676205903292 138
4 0.2593548595905304 0.012904392555356026 0.0032961666584014893 0.0018660805653780699 115
4 0.34877416491508484 0.4563795030117035 0.0046952515840530396 0.002378623466938734 120
4 0.3583225905895233 0.4563795328140259 0.004229397047311068 0.00256530218757689 101
4 0.3425806760787964 0.4571065306663513 0.004250768572092056 0.0024360434617847204 124
4 0.343612939119339 0.4602871835231781 0.004068579059094191 0.002061174251139164 110
4 0.34580644965171814 0.4633769690990448 0.0038099796511232853 0.0025554425083100796 120
4 0.3501935303211212 0.4635586738586426 0.0040105185471475124 0.0017471743049100041 112
4 0.33729034662246704 0.46446752548217773 0.004369676113128662 0.0018808296881616116 127
4 0.34490320086479187 0.4695565402507782 0.0038047772832214832 0.0021225418895483017 124
4 0.3420645296573639 0.468647837638855 0.0039403908886015415 0.0017778524197638035 117
4 0.33832257986068726 0.4687386751174927 0.004098840523511171 0.0022372829262167215 124
4 0.3470967411994934 0.4740094840526581 0.004124782048165798 0.0025514382869005203 117
4 0.34283870458602905 0.4762813448905945 0.0027262866497039795 0.002322584390640259 90
4 0.3392258286476135 0.4792802929878235 0.004682227037847042 0.0026220702566206455 127
4 0.3371613323688507 0.4760996401309967 0.004071409814059734 0.00241673830896616 114
4 0.334580659866333 0.48046162724494934 0.003921157214790583 0.002329400274902582 107
4 0.3420644998550415 0.48209741711616516 0.00372973526827991 0.0025800075381994247 114
4 0.3352009952068329 0.486450731754303 0.0032572434283792973 0.0021887882612645626 109
4 0.34658071398735046 0.4504726231098175 0.00498075969517231 0.0025132447481155396 120
4 0.3535483479499817 0.4529262185096741 0.0045892661437392235 0.0022963215596973896 128
4 0.3598747253417969 0.4490234851837158 0.004856839310377836 0.001473094685934484 178
4 0.3655658960342407 0.43977102637290955 0.004733227659016848 0.0015260666841641068 169
4 0.36903226375579834 0.4258451759815216 0.0034338394179940224 0.002067186636850238 110
4 0.3654193878173828 0.4248455762863159 0.003460443578660488 0.0017882987158372998 115
4 0.36296772956848145 0.4233914911746979 0.003740862011909485 0.0022332367952913046 122
4 0.35844916105270386 0.42385220527648926 0.0035168228205293417 0.0019471931736916304 112
4 0.37045159935951233 0.4312068819999695 0.004601334687322378 0.0017036404460668564 162
4 0.3699355125427246 0.4339331388473511 0.00434032641351223 0.001756084617227316 138
4 0.3682873547077179 0.4373496174812317 0.004430602304637432 0.0016964338719844818 152
4 0.36051613092422485 0.43057072162628174 0.003271549940109253 0.0025806427001953125 90
4 0.35638707876205444 0.4470192790031433 0.00402045575901866 0.0022095046006143093 125
4 0.3639952838420868 0.42976143956184387 0.003063226118683815 0.0021603861823678017 119
4 0.36154839396476746 0.4381134510040283 0.003907984588295221 0.002283283043652773 113
4 0.3587096631526947 0.4435659945011139 0.003947300836443901 0.0023376913741230965 124
4 0.3545806109905243 0.4416576027870178 0.005496005527675152 0.0023087244480848312 139
4 0.36258068680763245 0.44592875242233276 0.0038053160533308983 0.002849462442100048 103
4 0.34890317916870117 0.4436568021774292 0.004490639548748732 0.0023107524029910564 118
4 0.3536774516105652 0.44547438621520996 0.0038958450313657522 0.0025062928907573223 114
4 0.33883875608444214 0.48736822605133057 0.003522691782563925 0.0021542436443269253 120
4 0.3326451778411865 0.4885496497154236 0.004472860600799322 0.002836448373273015 61
4 0.33161288499832153 0.49672845005989075 0.0032715494744479656 0.002580642234534025 90
0 0.773548424243927 0.4107597768306732 0.04607660323381424 0.024605220183730125 15
4 0.17122581601142883 0.6157760620117188 0.0036273361183702946 0.002565839095041156 115
4 0.1756129264831543 0.6080516576766968 0.0035203706938773394 0.0021082358434796333 114
4 0.17367741465568542 0.6072337627410889 0.003893571440130472 0.002089996822178364 117
4 0.15935483574867249 0.6031442880630493 0.003662293078377843 0.001850776607170701 118
4 0.1643577218055725 0.30280932784080505 0.005292776972055435 0.001885770820081234 161
0 0.8512257933616638 0.31770265102386475 0.04374071583151817 0.024830782786011696 13
0 0.8369032740592957 0.34269359707832336 0.04343535006046295 0.02416384406387806 14
0 0.729161262512207 0.4432024657726288 0.04401287063956261 0.025792671367526054 11
4 0.16167742013931274 0.6142311692237854 0.0037408811040222645 0.0022332058288156986 122
4 0.16477420926094055 0.05443476140499115 0.0038710746448487043 0.0019990599248558283 125
9 0.07277418673038483 0.2958923578262329 0.014451606199145317 0.008724121376872063 0
4 0.16374193131923676 0.6045073866844177 0.004241365008056164 0.0024524314794689417 124
4 0.37064608931541443 0.42076992988586426 0.0031297386158257723 0.0026376117020845413 102
5 0.36451613903045654 0.4338422119617462 0.004304582718759775 0.0031094232108443975 101
4 0.1624515950679779 0.05370773747563362 0.0038226982578635216 0.0014915403444319963 124
4 0.1584516167640686 0.060432568192481995 0.003493857802823186 0.0018766443245112896 127
4 0.16387100517749786 0.6147764921188354 0.0035226945765316486 0.002154214307665825 120
4 0.15922580659389496 0.6134133338928223 0.004020201973617077 0.0018346549477428198 120
4 0.3278709948062897 0.5004544258117676 0.005032951943576336 0.0022056293673813343 147
4 0.300258070230484 0.5219011306762695 0.004596106242388487 0.002129809930920601 141
4 0.3219354748725891 0.5021809935569763 0.004371043294668198 0.002082091523334384 118
4 0.32425805926322937 0.5054525136947632 0.004205310717225075 0.0020671728998422623 110
4 0.3205161690711975 0.5106325149536133 0.004071269184350967 0.0025731322821229696 132
4 0.31664514541625977 0.5170846581459045 0.004922493360936642 0.0021266189869493246 141
4 0.31329038739204407 0.5204471349716187 0.003947313874959946 0.0023376946337521076 124
4 0.3061935305595398 0.5233550667762756 0.0040898630395531654 0.0025528010446578264 124
4 0.30851611495018005 0.5266266465187073 0.0039007801096886396 0.0020803757943212986 145
4 0.2993548810482025 0.5260814428329468 0.0034171119332313538 0.0023180749267339706 117
4 0.15664516389369965 0.6126862168312073 0.003943989053368568 0.001993146724998951 118
4 0.3011612892150879 0.528444230556488 0.0034615236800163984 0.0027825410943478346 120
4 0.2972433865070343 0.5346237421035767 0.005544751416891813 0.0018409373005852103 153
4 0.2947096526622772 0.5397129058837891 0.004339737351983786 0.0023281052708625793 132
4 0.2297406643629074 0.5934072732925415 0.005275235511362553 0.0018849615007638931 168
4 0.24206450581550598 0.5906034111976624 0.005415463820099831 0.0017143113072961569 161
4 0.24873772263526917 0.5889860391616821 0.005100827198475599 0.001507649663835764 153
4 0.23638708889484406 0.5916939377784729 0.00490006897598505 0.001710456213913858 167
0 0.18632259964942932 0.7996183633804321 0.041545674204826355 0.024719156324863434 17
