4 0.8108932375907898 0.8734169006347656 0.037237223237752914 0.014853493310511112 94
5 0.5802091956138611 0.927174985408783 0.04947283864021301 0.023416634649038315 3
5 0.4516128897666931 0.4941348731517792 0.051836609840393066 0.025427425280213356 179
5 0.44158679246902466 0.4657869040966034 0.051026374101638794 0.02151975966989994 3
5 0.5749781727790833 0.2512218952178955 0.09928157925605774 0.021887147799134254 78
5 0.5287708044052124 0.2649071514606476 0.10532405972480774 0.021810755133628845 80
5 0.5004359483718872 0.27223849296569824 0.09492959827184677 0.01888529397547245 80
5 0.47384482622146606 0.27614855766296387 0.09669481217861176 0.020852182060480118 81
5 0.435919851064682 0.2820137143135071 0.10071873664855957 0.01976265199482441 79
5 0.3500435948371887 0.29765400290489197 0.09883063286542892 0.019250571727752686 79
5 0.3279387056827545 0.3071784973144531 0.09933213144540787 0.01938125304877758 80
5 0.29947689175605774 0.31085047125816345 0.08615536242723465 0.018824564293026924 82
5 0.27077218890190125 0.30642926692962646 0.08095370978116989 0.02126549556851387 82
5 0.265972375869751 0.8185636401176453 0.04983403533697128 0.025549650192260742 6
5 0.5283277630805969 0.49694475531578064 0.05593455210328102 0.02474382147192955 4
5 0.2589363753795624 0.7785923480987549 0.05423694849014282 0.023848965764045715 30
5 0.25447526574134827 0.7436358332633972 0.04258377477526665 0.020913781598210335 35
5 0.24716652929782867 0.6749755144119263 0.050904542207717896 0.024103011935949326 23
5 0.270524263381958 0.6264822483062744 0.04846123605966568 0.02175382897257805 30
5 0.22624236345291138 0.5997067093849182 0.04812349006533623 0.021138861775398254 33
5 0.2663469910621643 0.5913978815078735 0.049025654792785645 0.02344214729964733 30
5 0.2229725420475006 0.5650502443313599 0.04418545961380005 0.021775852888822556 26
5 0.23060151934623718 0.4789833724498749 0.09315923601388931 0.022586742416024208 32
5 0.20529665052890778 0.43126749992370605 0.05334949493408203 0.023898020386695862 24
5 0.2009589821100235 0.3963831663131714 0.05186852067708969 0.020018523558974266 31
5 0.18918919563293457 0.35777127742767334 0.05184313282370567 0.024727391079068184 29
5 0.4620871841907501 0.5256659388542175 0.05461680516600609 0.024186167865991592 172
5 0.5213600993156433 0.5263929963111877 0.051641494035720825 0.018592579290270805 178
4 0.8456053733825684 0.1655714362859726 0.03112674690783024 0.015606326051056385 72
5 0.022067470476031303 0.8548522591590881 0.0364946573972702 0.017678948119282722 175
4 0.9520487189292908 0.9462364912033081 0.03429302200675011 0.01438143476843834 115
4 0.9617266058921814 0.9676961898803711 0.03993750736117363 0.01632457971572876 115
5 0.9655622839927673 0.7150536775588989 0.04715719074010849 0.016749972477555275 65
4 0.9642545580863953 0.6295210719108582 0.040468644350767136 0.01967857964336872 62
4 0.9210392236709595 0.6274431347846985 0.04015185311436653 0.01632225140929222 64
4 0.8748909831047058 0.5141739845275879 0.038730837404727936 0.018724553287029266 65
4 0.8417611122131348 0.432062566280365 0.03882604464888573 0.013599647209048271 74
4 0.020458467304706573 0.9490571022033691 0.03497597202658653 0.01761687733232975 177
4 0.019180474802851677 0.9247313141822815 0.03591319918632507 0.017567705363035202 177
4 0.019197681918740273 0.9018087983131409 0.03405790030956268 0.01458857674151659 177
4 0.019630666822195053 0.8785873055458069 0.03139614313840866 0.01761687733232975 177
5 0.017872711643576622 0.8313782811164856 0.030514385551214218 0.016617774963378906 0
5 0.5510026216506958 0.5527859330177307 0.051910869777202606 0.021518036723136902 179
4 0.027027051895856857 0.7810361981391907 0.031921908259391785 0.01759916916489601 169
4 0.021360067650675774 0.6823068857192993 0.028770703822374344 0.0156402550637722 0
4 0.023975588381290436 0.633431077003479 0.028770707547664642 0.0156402587890625 0
5 0.748495876789093 0.8561034202575684 0.05574576184153557 0.018360832706093788 92
5 0.7209866642951965 0.8299537897109985 0.09496330469846725 0.019259046763181686 87
5 0.6989548206329346 0.8436135649681091 0.06558375060558319 0.016836779192090034 86
5 0.6721796989440918 0.8405759334564209 0.0899357721209526 0.018326731398701668 91
5 0.6355711221694946 0.8587486743927002 0.05446998402476311 0.020913155749440193 92
5 0.7510867714881897 0.5931967496871948 0.05518166720867157 0.024309199303388596 152
5 0.7103357911109924 0.5367499589920044 0.08539289981126785 0.021976413205266 159
5 0.5068207383155823 0.5816423892974854 0.08456655591726303 0.02352488785982132 4
5 0.19355984032154083 0.29645776748657227 0.0529571957886219 0.030319111421704292 31
