4 0.06221719831228256 0.8766632080078125 0.04751131311058998 0.019447267055511475 0
5 0.3670814633369446 0.7374616265296936 0.10520359873771667 0.021494388580322266 0
5 0.36821264028549194 0.7952917218208313 0.10688945651054382 0.021518083289265633 2
5 0.3665158450603485 0.8254862427711487 0.10762358456850052 0.0226561538875103 3
5 0.36448922753334045 0.855208694934845 0.10524840652942657 0.022607343271374702 2
5 0.36418452858924866 0.8838523030281067 0.1053280308842659 0.020446619018912315 3
5 0.3519279956817627 0.9145780801773071 0.09634974598884583 0.02145068161189556 4
5 0.4983043670654297 0.2000572383403778 0.11601176112890244 0.02058395743370056 2
5 0.5056560635566711 0.22517909109592438 0.09869572520256042 0.0225454643368721 2
5 0.4904260039329529 0.2809935212135315 0.07929131388664246 0.023510050028562546 3
5 0.4913748502731323 0.31012752652168274 0.07806099206209183 0.021507345139980316 179
5 0.516371488571167 0.3670204281806946 0.07482641935348511 0.021524136886000633 3
5 0.4869909882545471 0.39611053466796875 0.08153418451547623 0.022603869438171387 3
5 0.5116116404533386 0.42375415563583374 0.076950304210186 0.022509949281811714 2
5 0.5128608345985413 0.45244359970092773 0.0783824548125267 0.021507807075977325 5
5 0.4845678210258484 0.47853001952171326 0.07806102186441422 0.024518374353647232 179
5 0.502828061580658 0.5092118978500366 0.08169771730899811 0.024633511900901794 2
5 0.4943438768386841 0.5383828282356262 0.07964085787534714 0.0236495491117239 5
5 0.48659536242485046 0.5685628056526184 0.06788104772567749 0.022549474611878395 1
5 0.4813348650932312 0.5972363948822021 0.08153767883777618 0.021764561533927917 3
5 0.49636420607566833 0.6243094205856323 0.07808112353086472 0.024675171822309494 2
5 0.4779411852359772 0.6550665497779846 0.08119689673185349 0.023787057027220726 4
5 0.5013599395751953 0.6822326183319092 0.07129637151956558 0.023466842249035835 178
5 0.4964244067668915 0.7133790254592896 0.07811465114355087 0.019521169364452362 2
5 0.4925757646560669 0.7405788898468018 0.07612978667020798 0.022524433210492134 5
5 0.4926828444004059 0.7698752284049988 0.07173261046409607 0.02161312848329544 6
5 0.49886882305145264 0.7978506088256836 0.06818971782922745 0.02046853117644787 1
5 0.4796379506587982 0.8285567760467529 0.07074648886919022 0.024667726829648018 6
5 0.47858965396881104 0.8536059260368347 0.0713844895362854 0.022610552608966827 3
5 0.47738176584243774 0.8858056664466858 0.06815041601657867 0.025688333436846733 5
5 0.4897512197494507 0.9135818481445312 0.06912592053413391 0.02138959988951683 177
5 0.3675573766231537 0.7655497193336487 0.10532800108194351 0.019589189440011978 3
5 0.3665158152580261 0.7093142867088318 0.10324807465076447 0.022590644657611847 2
4 0.06447963416576385 0.7819856405258179 0.05203619226813316 0.020470794290304184 0
5 0.3687782883644104 0.6786080002784729 0.10553795844316483 0.022544875741004944 2
5 0.15497738122940063 0.272773802280426 0.09304021298885345 0.024550840258598328 1
5 0.14830321073532104 0.32958513498306274 0.09729044884443283 0.021505070850253105 179
5 0.15771923959255219 0.3618171215057373 0.11102969944477081 0.023567985743284225 3
5 0.16104668378829956 0.47647449374198914 0.10641363263130188 0.02147844433784485 2
5 0.15950226783752441 0.5066530704498291 0.11223635822534561 0.021629154682159424 3
5 0.15271493792533875 0.5358239412307739 0.11000391095876694 0.0206090547144413 3
5 0.15610858798027039 0.565506637096405 0.10921929031610489 0.020462622866034508 2
5 0.15497738122940063 0.5951893925666809 0.11010818928480148 0.02165256440639496 2
5 0.15610858798027039 0.6258955597877502 0.09179963916540146 0.02356847934424877 3
5 0.14649322628974915 0.6852611303329468 0.09115958213806152 0.0215405635535717 1
5 0.14321206510066986 0.7154255509376526 0.09285049140453339 0.020550649613142014 177
5 0.1391402781009674 0.7420675158500671 0.09408897161483765 0.01954236999154091 3
5 0.13970589637756348 0.7727739214897156 0.09114258736371994 0.02253773994743824 1
5 0.13574661314487457 0.8014330267906189 0.09323441237211227 0.020465875044465065 1
5 0.13574659824371338 0.8285568356513977 0.07108889520168304 0.02058122679591179 4
5 0.13009050488471985 0.8607983589172363 0.07013574987649918 0.020470857620239258 0
5 0.13404977321624756 0.8879222273826599 0.06900452822446823 0.021494388580322266 0
5 0.13235294818878174 0.9170931577682495 0.06787330657243729 0.022517919540405273 0
5 0.3733031749725342 0.2047082930803299 0.09954750537872314 0.022517919540405273 0
5 0.3727375566959381 0.23950868844985962 0.10211771726608276 0.022545168176293373 2
5 0.37038132548332214 0.35776612162590027 0.10101114958524704 0.025596030056476593 5
5 0.37106937170028687 0.41445010900497437 0.10311730206012726 0.023568613454699516 3
5 0.37217196822166443 0.4442170262336731 0.10313086211681366 0.021524013951420784 3
5 0.37217193841934204 0.4749232530593872 0.10180994868278503 0.022517889738082886 0
5 0.3715248107910156 0.5306606292724609 0.10867442190647125 0.02569819614291191 2
5 0.37302109599113464 0.5629560947418213 0.10524842888116837 0.01943904720246792 2
5 0.36934390664100647 0.5921187996864319 0.10658229142427444 0.020612772554159164 3
5 0.364253431558609 0.6212896704673767 0.10430894047021866 0.0235403124243021 1
5 0.3704751133918762 0.6509723663330078 0.10446061939001083 0.020590627565979958 2
5 0.6821267008781433 0.28045034408569336 0.05617353320121765 0.021511578932404518 1
5 0.6813355684280396 0.31059759855270386 0.05885912850499153 0.01955355890095234 2
5 0.6800405979156494 0.3367278575897217 0.05657031759619713 0.019485047087073326 1
5 0.6759049892425537 0.36642780900001526 0.056973036378622055 0.020540378987789154 2
4 0.04751131683588028 0.016888434067368507 0.03427162021398544 0.02125069871544838 96
4 0.058823537081480026 0.057318318635225296 0.03834281861782074 0.022514939308166504 94
4 0.1617647111415863 0.09825998544692993 0.05203619599342346 0.022517912089824677 0
4 0.2323976308107376 0.09426082670688629 0.04535219818353653 0.01751941628754139 176
4 0.526863157749176 0.04784953594207764 0.04279077425599098 0.023138461634516716 107
4 0.5723981261253357 0.05322415381669998 0.040877025574445724 0.020588623359799385 100
4 0.5927602052688599 0.05527123436331749 0.043321866542100906 0.020464438945055008 96
4 0.610859751701355 0.05373592674732208 0.03173983842134476 0.016978055238723755 96
4 0.6334841847419739 0.057318314909935 0.03826604783535004 0.02264520525932312 87
4 0.6623302698135376 0.04912998527288437 0.04298873245716095 0.023755665868520737 90
4 0.7115384340286255 0.04964176192879677 0.03377687186002731 0.02036195993423462 90
4 0.7726327180862427 0.05384296923875809 0.04414293169975281 0.023842740803956985 86
4 0.5016968250274658 0.1479017436504364 0.05132680386304855 0.020466690883040428 179
4 0.4417421221733093 0.1504606008529663 0.049936775118112564 0.019480034708976746 176
4 0.3416289985179901 0.15557831525802612 0.04570022597908974 0.019442306831479073 179
4 0.29015839099884033 0.15864892303943634 0.04912618547677994 0.019577275961637497 174
4 0.23812220990657806 0.16274310648441315 0.05126325786113739 0.018700653687119484 173
4 0.06617647409439087 0.3183213770389557 0.04912620410323143 0.019577275961637497 6
4 0.06843891739845276 0.34186285734176636 0.046380091458559036 0.016376644372940063 0
4 0.06864635646343231 0.37513649463653564 0.049815833568573 0.017431991174817085 2
4 0.06767317652702332 0.3986847698688507 0.04868558794260025 0.017384788021445274 2
4 0.06379933655261993 0.4221573770046234 0.052197013050317764 0.017346596345305443 4
4 0.0656108558177948 0.4452405273914337 0.049773748964071274 0.01842373237013817 0
4 0.060747772455215454 0.5619187355041504 0.06222560629248619 0.0276504997164011 1
4 0.06617647409439087 0.6407369375228882 0.046903226524591446 0.01780569925904274 7
4 0.06545214354991913 0.6888504028320312 0.04642524570226669 0.01845569722354412 177
4 0.06504525244235992 0.6054247617721558 0.04411764815449715 0.01944732666015625 0
4 0.06108597666025162 0.6693961024284363 0.04977375641465187 0.020470857620239258 0
4 0.05995475500822067 0.7169908285140991 0.05429864302277565 0.019447267055511475 0
5 0.8032441735267639 0.9073073267936707 0.05683066323399544 0.023572450503706932 141
5 0.7987313866615295 0.8730174899101257 0.05508590489625931 0.02363535203039646 140
5 0.7973867058753967 0.8375117778778076 0.05797044187784195 0.024295074865221977 138
5 0.6753392815589905 0.873080849647522 0.05977348983287811 0.020659733563661575 4
5 0.6759049892425537 0.3961105942726135 0.0535515658557415 0.01944369450211525 1
5 0.6798642873764038 0.42579323053359985 0.056561052799224854 0.02047082781791687 0
5 0.6755225658416748 0.45547938346862793 0.05430828407406807 0.01944381184875965 1
5 0.6787329912185669 0.4820880591869354 0.058179061859846115 0.018536429852247238 2
5 0.6753393411636353 0.5097236633300781 0.05429863929748535 0.020470798015594482 0
5 0.6755462884902954 0.5399313569068909 0.055467672646045685 0.01943407952785492 178
5 0.672375500202179 0.5675918459892273 0.05791882798075676 0.02252979949116707 5
5 0.6736425757408142 0.5982599854469299 0.0583273209631443 0.020693322643637657 5
5 0.6696832180023193 0.6233367919921875 0.05702727288007736 0.021824147552251816 5
5 0.6781674027442932 0.6535311937332153 0.05769228935241699 0.02149432897567749 0
5 0.6697811484336853 0.6821970343589783 0.06009438633918762 0.01947915181517601 4
5 0.6691176295280457 0.7118730545043945 0.05769228935241699 0.02149432897567749 0
5 0.6764705777168274 0.8444216847419739 0.062446363270282745 0.019536323845386505 3
5 0.6721445918083191 0.9027315974235535 0.05904572457075119 0.021511541679501534 5
5 0.8040421605110168 0.7980528473854065 0.055303655564785004 0.02271510846912861 140
5 0.6702488660812378 0.9283521771430969 0.060303881764411926 0.023955361917614937 5
5 0.8009049892425537 0.334186315536499 0.05563352629542351 0.02196057140827179 139
5 0.8042986989021301 0.40174001455307007 0.05498890578746796 0.023528216406702995 138
5 0.8020362854003906 0.4401228427886963 0.057443223893642426 0.0241378340870142 146
5 0.8028057217597961 0.47601380944252014 0.055337440222501755 0.02542201429605484 148
5 0.8071267604827881 0.5066530704498291 0.05756020545959473 0.023443400859832764 143
5 0.8054298162460327 0.5440123081207275 0.0608769990503788 0.02469371259212494 143
5 0.8075171709060669 0.5809398889541626 0.057051461189985275 0.027174826711416245 150
5 0.8064259886741638 0.6151348352432251 0.05829409137368202 0.023894263431429863 145
5 0.80275958776474 0.6512676477432251 0.055859122425317764 0.02454207092523575 144
5 0.8088235259056091 0.6852609515190125 0.05541876703500748 0.024993715807795525 141
5 0.8021305203437805 0.7263141870498657 0.054431021213531494 0.02351241372525692 140
5 0.8068603873252869 0.7593833208084106 0.054640259593725204 0.02504711039364338 137
5 0.15723982453346252 0.23950868844985962 0.09420808404684067 0.0205506794154644 3
