5 0.5236650705337524 0.4822404682636261 0.08157460391521454 0.015025193803012371 1
5 0.6834714412689209 0.3657861053943634 0.12142840027809143 0.012970741838216782 2
5 0.6971946954727173 0.3995896279811859 0.11724931746721268 0.014432527124881744 2
5 0.689368724822998 0.4142995774745941 0.15496866405010223 0.015787577256560326 2
5 0.7011367678642273 0.4313366711139679 0.1385180503129959 0.012962346896529198 3
5 0.7013876438140869 0.4466773271560669 0.14531181752681732 0.01582583226263523 2
5 0.6911407113075256 0.4610655903816223 0.10003110766410828 0.014391811564564705 4
5 0.19109046459197998 0.16701191663742065 0.09525882452726364 0.013211600482463837 176
5 0.20441746711730957 0.18161845207214355 0.1244109496474266 0.015235032886266708 176
5 0.19474373757839203 0.19645804166793823 0.11468277126550674 0.014543533325195312 176
5 0.21236692368984222 0.21228626370429993 0.12295021116733551 0.015659835189580917 175
5 0.22153237462043762 0.22847968339920044 0.11953859776258469 0.013898387551307678 176
5 0.23482096195220947 0.24135692417621613 0.11939696967601776 0.014030670747160912 175
5 0.23968914151191711 0.25688356161117554 0.119444340467453 0.01335351262241602 175
5 0.2330097109079361 0.2735655605792999 0.1156984269618988 0.013836772181093693 174
5 0.26097679138183594 0.28863370418548584 0.12047332525253296 0.014986440539360046 176
5 0.2427968680858612 0.30882373452186584 0.14492756128311157 0.017291361466050148 176
5 0.4544903337955475 0.4344262480735779 0.06608691811561584 0.025502514094114304 99
5 0.23920570313930511 0.32819825410842896 0.15484288334846497 0.015303313732147217 175
5 0.25067073106765747 0.34419238567352295 0.13653865456581116 0.014090843498706818 174
5 0.257878839969635 0.3605802655220032 0.12418524920940399 0.01446622796356678 173
5 0.25005853176116943 0.3808880150318146 0.14020003378391266 0.014707565307617188 172
5 0.2716749906539917 0.40434810519218445 0.1213899776339531 0.015078140422701836 179
5 0.2605322599411011 0.42283278703689575 0.14336669445037842 0.016374805942177773 177
5 0.26801177859306335 0.4395546019077301 0.12140727043151855 0.013655799441039562 178
5 0.6779831647872925 0.38212886452674866 0.15418069064617157 0.01443595252931118 2
5 0.6771844625473022 0.3510929048061371 0.11864639818668365 0.013685688376426697 1
5 0.2495126724243164 0.48087620735168457 0.13472433388233185 0.015708565711975098 1
5 0.6907161474227905 0.3336792588233948 0.14081811904907227 0.01502289343625307 1
5 0.35072818398475647 0.09187158197164536 0.06601694226264954 0.022823045030236244 75
5 0.37621361017227173 0.0901639312505722 0.06816166639328003 0.02180061675608158 75
5 0.4035194218158722 0.08913932740688324 0.06812333315610886 0.021686159074306488 76
5 0.4296117424964905 0.0935792624950409 0.06513124704360962 0.023112908005714417 78
5 0.45388346910476685 0.08982239663600922 0.06744229793548584 0.02174331247806549 77
5 0.4866504967212677 0.09494535624980927 0.06381510198116302 0.024280227720737457 88
5 0.5171992182731628 0.09389525651931763 0.06429006159305573 0.021855361759662628 88
5 0.5446613430976868 0.09768514335155487 0.06220395117998123 0.021855298429727554 88
5 0.5697815418243408 0.09562840312719345 0.06368463486433029 0.020615704357624054 88
5 0.5940533876419067 0.0935792326927185 0.06284153461456299 0.020631074905395508 90
5 0.653932511806488 0.10388379544019699 0.09841132164001465 0.01592121087014675 146
5 0.690492570400238 0.13855326175689697 0.1352868378162384 0.014048841781914234 175
5 0.6851317286491394 0.15641562640666962 0.13662005960941315 0.013244831934571266 175
5 0.6941169500350952 0.1694038212299347 0.14752456545829773 0.013920806348323822 175
5 0.7014563083648682 0.18579235672950745 0.14752359688282013 0.013707607053220272 177
5 0.6936073899269104 0.20248781144618988 0.11478417366743088 0.013102149590849876 176
5 0.6832482218742371 0.21850816905498505 0.14021413028240204 0.013851162977516651 177
5 0.6975776553153992 0.23389340937137604 0.13843213021755219 0.013778790831565857 178
5 0.6759507656097412 0.2503427565097809 0.1184006929397583 0.013170728459954262 177
5 0.6959593892097473 0.26465705037117004 0.15126687288284302 0.013826960697770119 177
5 0.6988985538482666 0.2834407091140747 0.1577906757593155 0.015088104642927647 179
5 0.6944147348403931 0.3015626072883606 0.13600638508796692 0.013652760535478592 178
5 0.6814749240875244 0.3169441819190979 0.10315758734941483 0.012969817034900188 0
5 0.2766990065574646 0.4556010961532593 0.14307895302772522 0.01367225032299757 179
5 0.25981444120407104 0.5105890035629272 0.14564545452594757 0.015025855973362923 1
4 0.3713592290878296 0.4832650423049927 0.02663937211036682 0.01941746473312378 90
5 0.5097087025642395 0.032445356249809265 0.08204184472560883 0.01574227586388588 2
4 0.966019332408905 0.06318305432796478 0.02487730048596859 0.02187095396220684 96
4 0.9911689758300781 0.12230587005615234 0.025533977895975113 0.015337259508669376 98
4 0.957524299621582 0.15710382163524628 0.021857917308807373 0.021844685077667236 90
4 0.9041261672973633 0.1769125759601593 0.02595628798007965 0.021844685077667236 90
4 0.9842233061790466 0.18237704038619995 0.023224040865898132 0.016990303993225098 90
4 0.8934460878372192 0.3886755704879761 0.028710074722766876 0.02309872768819332 93
4 0.8695388436317444 0.7742486596107483 0.02504533901810646 0.021816596388816833 93
5 0.24680480360984802 0.8398438692092896 0.0667615532875061 0.015756789594888687 1
5 0.3183481991291046 0.872288703918457 0.06319915503263474 0.014323313720524311 3
5 0.22876214981079102 0.8698770999908447 0.07103395462036133 0.015793906524777412 2
4 0.8643447756767273 0.8701930046081543 0.028789745643734932 0.019209660589694977 94
4 0.8337379693984985 0.906762421131134 0.024490291252732277 0.01689259149134159 96
4 0.865898072719574 0.9122267961502075 0.025273263454437256 0.01820385456085205 90
4 0.8913834691047668 0.9265710711479187 0.02581804059445858 0.01818297617137432 96
4 0.11286409199237823 0.6017759442329407 0.027589481323957443 0.01916506141424179 79
4 0.14259707927703857 0.5980191230773926 0.023586902767419815 0.019426649436354637 87
5 0.13458214700222015 0.650911271572113 0.037744153290987015 0.023021264001727104 85
4 0.07813114672899246 0.6542513966560364 0.024300098419189453 0.01831885799765587 84
4 0.1402883380651474 0.6815929412841797 0.039247479289770126 0.01148956548422575 154
4 0.0473300963640213 0.23155736923217773 0.024079030379652977 0.015755202621221542 93
4 0.10900771617889404 0.1707356572151184 0.021978279575705528 0.018255073577165604 86
4 0.21783983707427979 0.006489070598036051 0.04279150441288948 0.008834760636091232 2
5 0.4241504669189453 0.4784836173057556 0.061893194913864136 0.014344245195388794 0
4 0.6426321268081665 0.020495429635047913 0.051131345331668854 0.013534724712371826 6
5 0.3428398072719574 0.028005464002490044 0.07848913222551346 0.015769772231578827 2
5 0.26213595271110535 0.5413222908973694 0.14313320815563202 0.015038786455988884 179
5 0.6548268795013428 0.8743181228637695 0.1565667986869812 0.014342986047267914 1
5 0.2626716196537018 0.558738112449646 0.1444239616394043 0.01503809355199337 179
5 0.25606799125671387 0.5932378172874451 0.14084464311599731 0.013661046512424946 0
5 0.2572815418243408 0.6089481115341187 0.15776698291301727 0.015710413455963135 0
5 0.25959011912345886 0.6256641745567322 0.1577906608581543 0.013701187446713448 179
5 0.26077398657798767 0.641028881072998 0.15780392289161682 0.013710535131394863 179
5 0.26930928230285645 0.6588048934936523 0.15535332262516022 0.016408061608672142 179
5 0.2620026767253876 0.6758776903152466 0.15780393779277802 0.012318512424826622 179
5 0.25849515199661255 0.6929644346237183 0.15553350746631622 0.01365995965898037 179
5 0.2584952116012573 0.7086748480796814 0.15547192096710205 0.014343720860779285 179
5 0.26257213950157166 0.7257241010665894 0.15660706162452698 0.013037211261689663 179
5 0.2681896388530731 0.7424228191375732 0.1574053168296814 0.013866085559129715 178
5 0.2700132131576538 0.7585198879241943 0.15622711181640625 0.013729414902627468 178
5 0.26332059502601624 0.7960596680641174 0.1573464721441269 0.015207551419734955 178
5 0.2633602023124695 0.8131827116012573 0.15496504306793213 0.015095861628651619 178
5 0.39113861322402954 0.864781379699707 0.11276274174451828 0.0266884695738554 92
5 0.6577669978141785 0.6403688192367554 0.203465074300766 0.014431092888116837 178
5 0.6733506321907043 0.6171174645423889 0.10197830945253372 0.014404096640646458 178
5 0.6656553149223328 0.7288251519203186 0.157125324010849 0.013652889989316463 178
5 0.6551500558853149 0.7468964457511902 0.14083634316921234 0.013043269515037537 178
5 0.6047469973564148 0.796815037727356 0.15662646293640137 0.014983232133090496 178
5 0.6771829724311829 0.8131534457206726 0.15728047490119934 0.01388136949390173 177
5 0.6818735003471375 0.8316161036491394 0.1553773581981659 0.015050328336656094 179
5 0.6477363705635071 0.8524476885795593 0.12024078518152237 0.014332929626107216 178
5 0.30582526326179504 0.0939207673072815 0.06991104036569595 0.027760664001107216 74
